# Created by Octave 5.2.0, Tue Mar 17 00:15:23 2020 GMT <unknown@DESKTOP-4BVIF02>
# name: v
# type: matrix
# rows: 1
# columns: 5
 2104 2054 3054 3500 1500


